QaASsIS Survey Report ENSECO

Directional Drilling

‘Company: Oasis Petroleum LLC Local Co-ordinate Reference: Well Kline Federal 5300 11-18 2B
McKenzie County, North Dakota Ground Level Elevation: 2,056.00usft
Lot 1 Sec.18 Twp.153N Rge.100W Wellhead Elevation: WELL @ 2056.00usft (Original Well Elev)
7 Kline Federal 5300 11-18 2B North Reference: True
Wellbore: Job # $15090-02 Survey Calculation Method: Minimum Curvature
Design: Final Surveys Vertical Section
Database: EDMs000
‘Survey
Vertical Dogleg Build Turn
MD Inc Azi TvD ss +NI-S +E/-W Section Rate Rate Rate
(usft) °) °) (usft) (usft) (usft) (usft) (usft) ("M00usft) —(*00usft) —(*/100usft)
Tie-in from Surface
0.00 0.00 0.00 0.00 2,056.00 0.00 0.00 0.00 0.00 0.00 0.00
132.00 0.60 215.50 132.00 1,924.00 -0.56 -0.40 0.14 0.45 0.45 0.00
224.00 0.50 210.10 223.99 1,832.01 -1.30 -0.88 -0.35 0.12 0.1 -5.87
314.00 0.70 269.40 313.99 1,742.01 “1.65 “1.63 -0.10 0.69 0.22 65.89
399.00 0.60 281.10 398.98 1,657.02 “1.57 -2.58 0.61 0.19 0.12 13.76
489,00 0.50 275.00 488.98 1,567.02 “1.44 “3.44 1.28 0.13 01 6.78
579.00 0.80 278.30 578.97 1,477.03 “1.32 4.45 2.06 0.34 0.33 3.67
663.00 0.50 268.20 662.97 1,393.03 “1.24 -5.40 276 0.38 0.36 12.02
751.00 0.60 292.30 750.96 1,305.04 -1.08 6.21 3.43 0.28 on 27.39
840.00 0.40 301.00 839.96 1,216.04 -0.74 6.91 4.18 0.24 0.22 9.78
927.00 0.70 307.10 926.96 1,129.04 -0.27 -7.59 4.97 0.35 0.34 7.01
1,015.00 0.70 222.00 1,014.95 1,041.05 -0.34 -8.38 5.45 1.08 0.00 -96.70
1,101.00 0.60 341.60 1,100.95 955.05 -0.31 -8.87 5.81 1.31 0.12 139.07
1,188.00 0.50 66.70 1,187.95 868.05 0.28 -8.67 6.10 0.86 01 97.82
1,277.00 0.90 38.80 1,276.94 779.06 0.97 -7.87 6.07 0.58 0.45 -31.35
1,365.00 0.90 16.80 1,364.93 691.07 247 “7.24 6.52 0.39 0.00 -25.00
1,450.00 0.70 15.30 1,449.92 606.08 3.31 6.91 7.13 0.24 0.24 1.76
1,539.00 0.80 332.70 1,538.91 517.09 4.39 -7.05 8.01 0.62 on 4787
1,628.00 1.10 343.10 1,627.90 428.10 5.76 -7.58 9.38 0.39 0.34 11.69
1,714.00 0.40 7.80 1,713.89 342.11 6.85 7.78 10.31 0.88 0.81 28.72
1,803.00 0.40 120.30 1,802.89 253.11 7.00 “7.47 10.21 0.75 0.00 126.40
1,889.00 0.30 96.80 1,888.89 167.11 6.82 -6.99 9.75 0.20 0.12 -27.33
1,987.00 0.60 120.10 1,986.89 69.11 6.53 -6.29 9.07 0.35 0.31 23.78
Last MWD Survey
2,081.00 0.90 135.20 2,080.88 24.88 5.76 5.35 7.86 0.38 0.32 16.06
Survey Annotations
Local Coordinates
MD Tv> +NI-S +E/-W
(usft) (usft) (usft) (usft) Comment
0.00 0.00 0.00 0.00 Tie-in from Surface
2,081.00 2,080.88 5.76 5.35 Last MWD Survey

3/5/2015 12:07:05PM Page 3 COMPASS 5000.1 Build 56
