ENSECO Energy Services eG
QASIS Survey Report ENSECO

Directional Drilling

‘Company: Oasis Petroleum LLC Local Co-ordinate Reference: Well Kline Federal 5300 31-18 7T
Project: McKenzie County, North Dakota Ground Level Elevation: 2,026.00usft
Lot 3 Sec.18 Twp.153N Rge.100W Wellhead Elevation: WELL @ 2026.00usft (Original Well Elev)
7 Kline Federal 5300 31-18 7T North Reference: True
Wellbore: Job # $15073-02 Survey Calculation Method: Minimum Curvature
Design: Final Surveys Vertical Section
Database: EDMs000
‘Survey
Vertical Dogleg Build Turn
MD Inc Azi TvD ss +NI-S +E/-W Section Rate Rate Rate
(usft) °) °) (usft) (usft) (usft) (usft) (usft) ("M00usft) —(*00usft) —(*/100usft)
Tie-in from Surface
0.00 0.00 0.00 0.00 2,026.00 0.00 0.00 0.00 0.00 0.00 0.00
132.00 0.20 88.50 132.00 1,894.00 0.01 0.23 0.05 0.15 0.15 0.00
245.00 0.70 108.50 245.00 1,781.00 -0.21 1.08 0.44 0.46 0.44 17.70
314.00 0.70 98.70 313.99 1,712.01 -0.41 1.90 0.82 0.17 0.00 -14.20
407.00 0.90 96.00 406.98 1,619.02 -0.57 3.19 1.26 0.22 0.22 -2.90
493.00 0.90 84.20 492.97 1,533.03 -0.57 4.53 1.56 0.22 0.00 13.72
579.00 0.70 83.80 578.96 1,447.04 -0.44 5.72 1.70 0.23 0.23 -0.47
669.00 0.60 121.60 668.96 1,357.04 -0.63 6.67 2.10 0.48 O11 42.00
751.00 0.90 108.90 750.95 1,275.05 -1.07 7.65 274 0.42 0.37 -15.49
839.00 0.60 117.40 838.94 1,187.08 -1.50 8.71 3.40 0.36 0.34 9.66
927.00 0.30 149.00 926.94 1,099.06 -1.91 9.24 3.91 0.43 0.34 35.91
1,013.00 0.10 48.40 1,012.94 1,013.06 -2.05 9.41 4.09 0.39 0.23 -116.98
1,100.00 0.50 256.50 1,099.94 926.06 -2.09 9.10 4.06 0.68 0.46 -174.60
1,189.00 0.60 237.10 1,188.93 837.07 2.44 8.33 4.22 0.24 on -21.80
1,276.00 0.50 212.00 1,275.93 750.07 -3.01 7.75 4.65 0.30 on -28.85
1,364.00 0.40 249.90 1,363.93 662.07 “3.44 7.25 4.96 0.35 O11 43.07
1,450.00 0.40 315.00 1,449.93 576.07 -3.33 6.76 474 0.50 0.00 75.70
1,536.00 0.50 278.00 1,535.92 490.08 -3.06 6.18 4.36 0.35 0.12 -43.02
1,623.00 0.70 234.00 1,622.92 403.08 -3.32 5.37 4.43 0.56 0.23 -50.57
1,711.00 0.70 235.10 1,710.91 316.09 -3.95 4.49 4.85 0.02 0.00 1.25
1,799.00 0.60 252.60 1,798.91 227.09 -4.39 3.61 5.08 0.25 01 19.89
1,886.00 0.80 199.70 1,885.90 140.10 -5.10 297 5.63 0.75 0.23 -60.80
1,974.00 0.90 206.20 1,973.89 52.11 -6.30 2.46 6.69 0.16 on 7.39
Last MWD Survey
2,061.00 1.20 206.10 2,060.88 34.88 7.73 1.76 7.93 0.34 0.34 0.11
Survey Annotations
Local Coordinates
MD Tv> +NI-S +E/-W
(usft) (usft) (usft) (usft) Comment
0.00 0.00 0.00 0.00 Tie-in from Surface
2,061.00 2,060.88 7.73 1.76 Last MWD Survey

2/27/2015 11:03:19AM Page 3 COMPASS 5000.1 Build 56
