ed

Survey Report ENSECO

“Directional Drilfing

Oasis Petroleum LLC Local Co-ordinate Reference: Well Gramma Federal 5300 41-31 1372
McKenzie County, North Dakota Ground Level Elevation: 2,158.00usft
Lot 4 Sec.31 Twp.153N Rge,100W Wellhead Elevation: KB 25 @ 2183.00usft (Nabors B25)
Gramma Federal 5300 41-31 1372 North Reference: True
Job # $14065-02 Survey Calculation Method: Minimum Curvature
Final Surveys Vertical Section
Database: EDMs000
‘Survey
Vertical Dogleg Build Turn
MD Inc Azi TvD ss +NI-S +E/-W Section Rate Rate Rate
(usft) °) °) (usft) (usft) (usft) (usft) (usft) (Hoousft) —(*/400usft) —_(*/1 00us ft)
Tie-in from Surface
0.00 0.00 0.00 0.00 2,183.00 0.00 0.00 0.00 0.00 0.00 0.00
155.00 0.50 289.60 155.00 2,028.00 0.23 0.64 0.68 0.32 0.32 0.00
246.00 0.50 269.50 245.99 1,937.01 0.36 “1.41 1.45 0.19 0.00 -22.09
339,00 0.50 270.60 338.99 1,844.01 0.36 2.22 2.23 0.01 0.00 1.18
427.00 0.20 248.80 426.99 1,756.01 0.34 2.75 272 0.37 0.34 “24.77
516.00 0.00 282.90 515.99 1,667.01 0.25 -2.89 2.84 0.22 0.22 0.00
604.00 0.40 188.50 603.99 1,579.01 -0.05 -2.94 2.80 0.45 0.45 0.00
693.00 0.50 190.80 692.99 1,490.01 0.74 -3.06 272 on on 2.58
780.00 0.40 153.50 779.98 1,403.02 “1.39 -2.99 2.48 0.35 01 42.87
866.00 0.50 161.60 865.98 4,317.02 -2.01 2.74 2.06 0.14 0.12 9.42
955.00 0.50 213.60 954.98 1,228.02 -2.70 2.83 1.95 0.49 0.00 58.43
1,043.00 0.40 282.20 1,042.98 1,140.02 -2.96 3.34 237 0.58 0.11 77.95
1,130.00 0.40 20.60 1,129.97 1,053.03 -2.61 “3.53 2.65 0.70 0.00 113.10
1,220.00 0.40 52.90 1,219.97 963.03 2.13 “3.47 2.44 0.25 0.00 35.89
1,311.00 0.40 70.90 1,310.97 872.03 “1.83 -2.62 2.00 0.14 0.00 19.78
1,398.00 0.40 282.20 1,397.97 785.03 “1.67 -2.63 2.05 0.89 0.00 -170.92
1,481.00 0.50 311.30 1,480.97 702.03 1.37 “3.18 267 0.30 0.12 35.06
1,569.00 0.50 276.90 1,568.96 614.04 1.07 “3.85 3.40 0.34 0.00 -39.09
1,656.00 0.20 225.60 1,655.96 527.04 143, 4.34 3.85 0.47 0.34 -58.97
1,743.00 0.70 347.60 1,742.96 440.04 0.72 4.56 4.18 0.95 057 140.23
1,830.00 0.50 327.90 1,829.96 353.04 0.12 4.88 472 0.33 0.23 -22.64
1,918.00 0.50 312.80 1,917.95 265.05 074 5.36 5.35 0.15 0.00 ATG
2,005.00, 0.40 356.00 2,004.95 178.05 1.27 5.66 5.79 0.40 01 49.66
2,091.00, 0.40 293.10 2,090.95 92.05 1.69 5.96 6.19 0.49 0.00 “73.14
2,181.00 0.20 158.10 2,180.95 2.05 1.67 6.19 6.41 0.62 0.22 -150.00
Last MWD Survey
2,261.00 0.40 39.60 2,260.95 77.95 1.75 5.96 6.21 0.66 0.25 148.12
Survey Annotations
Local Coordinates
MD TD +NI-S +E/-W
(usft) (usft) (usft) (usft) Comment
0.00 0.00 0.00 0.00 Tie-in from Surface
2,261.00 2,260.95 1.75 5.96 Last MWD Survey

1/2/2015 8:05:38AM Page 3 COMPASS 5000.1 Build 56
