ENSECO Energy Services (<a
QaASsIS Survey Report ENSECO

Directional Drilling

‘Company: Oasis Petroleum LLC Local Co-ordinate Reference: Well Kline Federal 5300 31-18 6B
McKenzie County, North Dakota Ground Level Elevation: 2,026.00usft
Lot 3 Sec.18 Twp.153N Rge.100W Wellhead Elevation: WELL @ 2026.00usft (Original Well Elev)
7 Kline Federal 5300 31-18 6B North Reference: True
Wellbore: Job # $15072-02 Survey Calculation Method: Minimum Curvature
Design: Final Surveys Vertical Section
Database: EDMs000
‘Survey
Vertical Dogleg Build Turn
MD Inc Azi TvD ss +NI-S +E/-W Section Rate Rate Rate
(usft) °) °) (usft) (usft) (usft) (usft) (usft) ("M00usft) —(*00usft) —(*/100usft)
Tie-in from Surface
0.00 0.00 0.00 0.00 2,026.00 0.00 0.00 0.00 0.00 0.00 0.00
132.00 0.50 35.70 132.00 1,894.00 0.47 0.34 0.53 0.38 0.38 0.00
223.00 0.90 34.30 222.99 1,803.01 1.38 0.97 1.57 0.44 0.44 1.54
314.00 0.90 41.50 313.98 1,712.02 251 1.85 2.86 0.12 0.00 791
407.00 0.70 50.50 406.97 1,619.03 3.41 277 3.96 0.25 0.22 9.68
493.00 0.90 57.50 492.96 1,533.04 4a 3.74 4.86 0.26 0.23 8.14
579.00 1.20 62.40 578.95 1,447.05 4.89 5.11 5.94 0.36 0.35 5.70
669.00 0.80 60.50 668.93 1,357.07 5.64 6.49 6.98 0.45 0.44 2M
751.00 0.30 36.00 750.93 1,275.07 6.09 7.12 7.57 0.66 -0.61 -29.88
839.00 0.30 314.30 838.93 1,187.07 6.44 7.09 7.90 0.45 0.00 92.84
927.00 0.40 277.80 926.93 1,099.07 6.64 6.62 7.99 0.27 on 41.48
1,013.00 0.10 282.10 1,012.93 1,013.07 6.70 6.25 7.96 0.35 0.35 5.00
1,100.00 0.10 342.70 1,099.93 926.07 6.79 6.15 8.02 0.12 0.00 69.66
1,189.00 0.10 29.40 1,188.93 837.07 6.93 6.17 8.17 0.09 0.00 52.47
1,276.00 0.20 179.90 1,275.93 750.07 6.84 6.20 8.09 0.33 on 172.99
1,364.00 0.30 255.30 1,363.93 662.07 6.63 5.98 7.83 0.36 on 85.68
1,450.00 0.40 274.00 1,449.92 576.08 6.60 5.46 7.68 0.18 0.12 21.74
1,536.00 0.60 252.80 1,535.92 490.08 6.48 474 7.40 0.31 0.23 24.65
1,623.00 0.50 245.10 1,622.92 403.08 6.19 3.96 6.93 0.14 01 -8.85
1,711.00 0.30 285.40 1,710.92 316.08 6.09 3.39 671 0.38 0.23 45.80
1,799.00 0.40 274.60 1,798.91 227.09 6.17 2.86 6.67 0.14 on 12.27
1,886.00 0.60 222.40 1,885.91 140.09 5.86 2.25 6.22 0.55 0.23 -60.00
1,974.00 0.70 219.60 1,973.90 52.10 5.11 1.59 5.34 0.12 on -3.18
Last MWD Survey
2,047.00 0.90 211.10 2,046.90 -20.90 4.27 1.01 4.39 0.32 0.27 11.64
Survey Annotations
Local Coordinates
MD Tv> +NI-S +E/-W
(usft) (usft) (usft) (usft) Comment
0.00 0.00 0.00 0.00 Tie-in from Surface
2,047.00 2,046.90 4.27 1.01 Last MWD Survey

2/27/2015 11:14:39AM Page 3 COMPASS 5000.1 Build 56
