QaASsIS Survey Report ENSECO

Directional Drilling

‘Company: Oasis Petroleum LLC Local Co-ordinate Reference: Well Kline Federal 5300 11-18 3T
McKenzie County, North Dakota Ground Level Elevation: 2,056.00usft
Lot 1 Sec.18 Twp.153N Rge.100W Wellhead Elevation: WELL @ 2056.00usft (Original Well Elev)
7 Kline Federal 5300 11-18 3T North Reference: True
Wellbore: Job # $15091-02 Survey Calculation Method: Minimum Curvature
Design: Final Surveys Vertical Section
Database: EDMs000
‘Survey
Vertical Dogleg Build Turn
MD Inc Azi TvD ss +NI-S +E/-W Section Rate Rate Rate
(usft) °) °) (usft) (usft) (usft) (usft) (usft) ("M00usft) —(*00usft) —(*/100usft)
Tie-in from Surface
0.00 0.00 0.00 0.00 2,056.00 0.00 0.00 0.00 0.00 0.00 0.00
132.00 0.90 144.50 131.99 1,924.01 -0.84 0.60 -0.98 0.68 0.68 0.00
224.00 1.20 153.80 223.98 1,832.02 -2.30 1.45 -2.50 0.37 0.33 10.11
314.00 1.70 133.30 313.95 1,742.05 -4.06 2.83 -4.65 0.79 0.56 -22.78
399.00 0.60 159.80 398.93 1,657.07 5.34 3.91 -6.26 1.40 1.29 31.18
489,00 0.80 265.10 488.93 1,567.07 5.84 3.44 -6.17 1.24 0.22 117.00
579.00 1.00 273.20 578.92 1,477.08 5.85 2.03 -5.02 0.26 0.22 9.00
663.00 0.90 266.60 662.91 1,393.09 5.84 0.64 -3.88 0.18 0.12 7.86
751.00 0.40 297.80 750.90 1,305.10 “5.74 -0.32 -3.03 0.68 0.57 35.45
840.00 0.80 258.90 839.90 1,216.10 “5.72 -1.20 -2.29 0.62 0.45 43.71
927.00 0.40 291.60 926.89 1,129.11 “5.72 -2.08 “1.58 0.59 -0.46 37.59
1,015.00 0.50 281.30 1,014.89 1,041.11 5.53 2.74 -0.93 0.15 on “11.70
1,101.00 1.00 276.90 1,100.88 955.12 5.37 -3.86 0.08 0.58 0.58 5.12
1,188.00 0.40 308.00 1,187.87 868.13 -5.09 4.85 1.05 0.79 -0.69 35.75
1,277.00 0.50 287.90 1,276.87 779.13 4.78 5.46 1.73 0.21 on -22.58
1,365.00 0.60 270.00 1,364.87 691.13 -4.66 -6.29 2.48 0.22 on -20.34
1,450.00 0.60 284.90 1,449.86 606.14 4.55 “747 3.26 0.18 0.00 17.53
1,539.00 0.80 329.60 1,538.86 517.14 -3.89 -7.93 4.26 0.63 0.22 50.22
1,628.00 1.20 18.40 1,627.84 428.16 -2.47 -7.95 5.09 1.01 0.45 54.83
1,714.00 0.70 31.60 1,713.83 342.17 AAT -7.39 5.38 0.63 0.58 15.35
1,803.00 0.70 24.10 1,802.83 253.17 -0.21 -6.88 5.52 0.10 0.00 8.43
1,889.00 1.10 23.80 1,888.81 167.19 1.02 6.34 5.78 0.47 0.47 -0.35
1,987.00 1.00 23.10 1,986.80 69.20 267 5.62 6.14 0.10 -0.10 -0.74
Last MWD Survey
2,084.00 0.50 95.30 2,083.79 27.79 3.41 4.87 5.94 1.00 0.52 74.43
Survey Annotations
Local Coordinates
MD Tv> +NI-S +E/-W
(usft) (usft) (usft) (usft) Comment
0.00 0.00 0.00 0.00 Tie-in from Surface
2,084.00 2,083.79 3.41 4.87 Last MWD Survey

3/6/2015 11:11:52AM Page 3 COMPASS 5000.1 Build 56
