QaASsIS Survey Report ENSECO

Directional Drilling

‘Company: Oasis Petroleum LLC Local Co-ordinate Reference: Well Gramma Federal 5300 41-31 12T
Project: McKenzie County, North Dakota Ground Level Elevation: 2,158.00usft
Lot 4 Sec.31 Twp.153N Rge,100W Wellhead Elevation: KB 25 @ 2183.00usft (Nabors B25)
Gramma Federal 5300 41-31 12T North Reference: True
Job # $14064-02 Survey Calculation Method: Minimum Curvature
Final Surveys Vertical Section
Database: EDMs000
‘Survey
Vertical Dogleg Build Turn
MD Inc Azi TvD ss +NI-S +E/-W Section Rate Rate Rate
(usft) °) °) (usft) (usft) (usft) (usft) (usft) (Hoousft) —(*/400usft) —_(*/1 00us ft)
Tie-in from Surface
0.00 0.00 0.00 0.00 2,183.00 0.00 0.00 0.00 0.00 0.00 0.00
155.00 0.90 322.60 154.99 2,028.01 0.97 0.74 0.52 0.58 0.58 0.00
246.00 0.90 333.10 245.98 1,937.02 217 “1.50 1.02 0.18 0.00 11.54
339,00 0.70 313.10 338.97 1,844.03 3.21 2.24 1.53 0.37 0.22 21.51
427.00 0.40 341.60 426.97 1,756.03 3.87 2.73 1.88 0.45 0.34 32.39
516.00 0.40 321.20 515.97 1,667.03 4.41 -3.02 2.05 0.16 0.00 -22.92
604.00 0.50 294.10 603.96 1,579.04 4.80 “3.57 2.50 0.26 on -30.80
693.00 0.50 227.00 692.96 1,490.04 4.70 4.24 3.15 0.62 0.00 -75.39
780.00 0.40 250.90 779.96 1,403.04 4.34 477 3.77 0.24 01 27.47
866.00 0.50 303.30 865.96 4,317.04 4.45 5.37 434 0.47 0.12 60.93
955.00 0.90 333.50 954.95 1,228.05 5.29 -6.00 479 0.60 0.45 33.93
1,043.00 0.50 352.10 1,042.94 1,140.06 6.28 6.37 4.93 0.52 0.45 21.14
1,130.00 0.50 314.50 1,129.94 1,053.06 6.93 6.69 5.12 0.37 0.00 43.22
1,220.00 0.50 185.50 1,219.94 963.06 6.81 “7.01 5.45 1.00 0.00 -143.33
1,311.00 0.90 180.90 1,310.93 872.07 5.70 -7.06 5.73 0.44 0.44 -5.05
1,398.00 0.90 164.40 1,397.92 785.08 4.36 6.88 5.84 0.30 0.00 18.97
1,481.00 0.90 155.60 1,480.91 702.09 3.14 6.44 5.65 0.17 0.00 -10.60
1,569.00 0.40 126.10 1,568.91 614.09 2.33 -5.90 5.30 0.67 0.57 -33.52
1,656.00 0.50 117.30 1,655.90 527.10 1.97 5.32 4.80 0.14 on -10.11
1,743.00 0.40 86.00 1,742.90 440.10 1.82 4.68 424 0.30 on -35.98
1,830.00 0.50 146.10 1,829.90 353.10 1.53 -4A7 3.76 0.53 on 69.08
4,917.00 0.40 75.40 1,916.90 266.10 1.29 -3.66 3.32 0.61 on -81.26
2,004.00 0.50 180.90 2,003.89 179.11 0.99 -3.37 3.10 0.83 on 121.26
2,090.00, 0.50 205.90 2,089.89 93.11 0.27 “3.54 3.41 0.25 0.00 29.07
2,178.00 0.70 248.80 2,177.89 5.1 0.27 4.24 418 0.54 0.23 48.75
2,266.00 0.50 233.70 2,265.88 -82.88 -0.69 5.02 5.06 0.29 0.23 ATG
Last MWD Survey
2,351.00 0.90 239.90 2,350.88 -167.88 1.24 5.90 6.03 0.48 0.47 7.29
Survey Annotations
Local Coordinates
MD TD +NI-S +E/-W
(usft) (usft) (usft) (usft) Comment
0.00 0.00 0.00 0.00 Tie-in from Surface
2,351.00 2,350.88 “1.24 -5.90 Last MWD Survey

1/2/2015 7:47:38AM Page 3 COMPASS 5000.1 Build 56
