Oasis Petroleum

A Gyrodata Directional Survey

Lease: Kline Federal Well: 5300 41-18 14BX, 8 3/4" Case, and 6" Hole
Location: Nabors #486 , McKenzie County, North Dakota

Job Number: RD0814M181

MEASURED
DEPTH
feet

9554.00
9648.00

9741.00
9835.00
9929.00
10023.00
10118.00

10213.00
10244.00
10276.00
10308.00
10340.00

10373.00
10404.00
10436.00
10468.00
10500.00

10531.00
10563.00
10595.00
10626.00
10658.00

INCL AZIMUTH DOGLEG VERTICAL
SEVERITY DEPTH DIST. AZIMUTH

deg.

0.22
0.35

0.35
0.18
0.26
0.18
0.44

0.35
0.26
0.53
3.43
7.08

10.51
13.63
17.63
21.85
25.93

30.46
34.95
39.34
44,26
48.88

deg.

19.96
57.31

40.88
24.27
348.06
3.96
320.37

317.82
348.67
100.38
114.00
115.67

112.42
108.55
108.29
107.76
106.62

108.11
108.47
108.73
110.40
111.81

deg/
100 ft.

0.14
0.23

0.11
0.20
0.17
0.11
0.35

0,10
0.59
2.10
9,12
11.42

10.50
10.39
12.50
13.20
12.83

14.79
14.04
13.73
16.27
14.79

feet

9553.22
9647.22

9740.21
9834.21
9928.21
10022.21
10117.21

10212.21
10243,21
10275,21
10307.18
10339.04

10371.65
10401.96
10432.77
10462.89
10492.14

10519.45
10546,37
10571.88
10594.98
10616.97

CLOSURE

feet deg.

53.8
53.4

53.1

183.4
183.1

182.6
182.4
182.4
182.4
182.7

183.2
183.3
183.1
182.0
179.0

174.2
168.5
161.6
154.5
147.5

141.6
136.4
132.2
129.0
126.5

HORIZONTAL
COORDINATES
