QASIS Survey Report ENSECO

Directional Drilling

‘Company: Oasis Petroleum LLC Local Co-ordinate Reference: Well Wade Federal 5300 31-30 11T
Project: McKenzie County, North Dakota Ground Level Elevation: 2,029.00usft
Lot 3 Sec.30 Twp.153N Rge.100W Wellhead Elevation: KB 25 @ 2054.00usft (Nabors B25)
Wade Federal 5300 31-30 11T North Reference: True
Job # ND1411-0010NOB2 Survey Calculation Method: Minimum Curvature
Final Surveys Vertical Section
Database: EDMs000
‘Survey
Vertical Dogleg Build Turn
MD Inc Azi TvD ss +NI-S +E/-W Section Rate Rate Rate
(usft) °) °) (usft) (usft) (usft) (usft) (usft) ("M00usft) —(*00usft) —(*/100usft)
Tie-in from Surface
0.00 0.00 0.00 0.00 2,054.00 0.00 0.00 0.00 0.00 0.00 0.00
152.00 0.50 270.80 152.00 1,902.00 0.01 -0.66 -0.52 0.33, 0.33 0.00
243.00 4.10 290.20 242.99 1,811.01 0.32 “1.88 -1.66 0.71 0.66 21.32
335.00 0.50 298.20 334.98 1,719.02 0.81 -3.06 -2.88 0.66 0.65 8.70
423.00 0.90 288.70 422.97 1,631.03 1.21 -4.06 -3.91 0.47 0.45 -10.80
508.00 0.50 257.10 507.97 1,546.03 1.35 -5.05 4.76 0.64 -0.47 -37.18
593.00 0.70 311.20 592.96 1,461.04 1.60 -5.80 5.51 0.68 0.24 63.65
679.00 0.40 345.70 678.96 1,375.04 2.24 6.27 -6.27 0.50 0.35 40.12
765.00 0.50 16.60 764.96 1,289.04 2.89 6.24 -6.66 0.30 0.12 35.93
852.00 0.40 0.50 851.95 1,202.05 3.56 -6.13 -7.00 0.18 on 18.51
937.00 0.40 321.40 936.95 1,117.05 4.09 6.31 “TAT 0.31 0.00 -46.00
1,027.00 0.70 21.60 1,026.95 1,027.05 4.84 -6.30 -7.95 0.68 0.33 66.89
1,117.00 0.50 353.80 1,116.94 937.06 5.75 6.14 -8.39 0.39 0.22 -30.89
1,202.00 0.50 13.10 1,201.94 852.06 6.48 -6.10 -8.82 0.20 0.00 22.71
1,293.00 0.50 53.90 1,292.94 761.06 7.10 -5.69 -8.90 0.38 0.00 44.84
1,383.00 0.90 44.80 1,382.93 671.07 7.83 -4.87 -8.73 0.46 0.44 10.11
1,469.00 1.10 93.70 1,468.92 585.08 8.26 -3.57 -7.99 0.99 0.23 56.86
1,557.00 1.50 97.10 1,556.90 497.10 8.06 “1.59 -6.33 0.46 0.45 3.86
1,648.00 1.80 111.60 1,647.86 406.14 7.39 0.92 -3.96 0.56 0.33 15.93
1,738.00 1.80 138.60 1,737.82 316.18 5.80 3.17 1.22 0.93 0.00 30.00
1,828.00 1.70 172.40 1,827.78 226.22 3.42 4.28 1.15 1.14 01 37.56
1,914.00 1.70 182.60 1,913.74 140.26 0.88 4.39 2.84 0.35 0.00 11.86
2,004.00 1.40 206.10 2,003.71 50.29 “1.44 3.85 3.89 0.77 -0.33 26.11
Last MWD Survey
2,064.00 1.20 232.10 2,063.69 9.69 2.48 3.03 3.92 1.03 0.33 43.33
Survey Annotations
Local Coordinates
MD Tv> +NI-S +E/-W
(usft) (usft) (usft) (usft) Comment
0.00 0.00 0.00 0.00 Tie-in from Surface
2,064.00 2,063.69 -2.48 3.03 Last MWD Survey

12/3/2014 10:50:47AM Page 3 COMPASS 5000.1 Build 56
